634
868
2584
3507
4110
4304
5073
5450
6164
6310
7385
8347
8537
8927
9149
9173
9611
10182
10472
10931
11541
13156
13166
13887
14454
14903
15222
16698
16895
17193
17327
17520
17721
17831
17884
17907
18558
18784
19339
20276
20540
21026
22456
22628
22810
23055
23257
23260
23274
23535
24190
24501
25338
26182
26828
27731
27948
27985
28315
28610
28743
28916
29304
29620
29763
31082
32166
32375
32944
33386
33678
33771
34416
34665
34716
35286
35501
35922
36989
37074
37512
38371
38533
39028
39349
39351
39463
40150
40506
40779
41400
41547
41606
42739
42850
42916
42973
43126
43156
44495
44581
45198
45437
45850
46588
46858
47111
47392
47878
49173
49955
50436
52111
52169
52260
52352
52849
53102
53464
54014
55397
57824
58188
58268
58776
58877
58990
59051
59168
59224
59903
60054
60173
60188
60535
60655
60710
61963
62716
63687
64019
66337
66426
67758
68798
68850
68895
68929
69401
69625
70476
70944
71139
71655
72235
72538
72790
73028
73447
73611
73989
74045
74453
74534
74794
74830
75024
75583
76067
76244
76460
76612
76649
77191
77268
78183
78581
79416
79417
79860
80453
80480
80596
81110
82575
82707
83293
84320
85154
86136
86561
86579
87044
87331
87332
88643
88694
89439
89924
90146
90737
91033
91640
91823
92229
92854
93006
94710
95283
96002
96300
96557
96768
97079
97724
97784
98474
99288
99503
100171
100639
101386
101680
102046
102061
102453
102711
102825
103077
103169
103319
103337
103957
103970
104548
105266
105403
105784
105937
106182
107202
107743
108208
108395
108549
108719
109614
110137
110422
110678
111166
111182
112263
112350
112453
112941
113708
114727
115071
115355
115600
116029
116715
116979
117372
117378
117430
118516
119195
119643
120012
120437
121778
122145
122174
122303
122346
123541
123684
123716
124093
124146
124444
124701
125050
125213
126155
126577
126795
127032
127114
127223
127669
127779
127839
128162
128298
129148
129236
129820
129996
130451
130944
131132
131348
131805
132142
132291
132704
133691
133877
134050
134908
135022
135245
135472
136564
136622
137120
137462
137545
137882
138056
138588
139674
139736
139767
140400
140810
140956
141713
142146
142698
142803
143201
143463
144135
144830
145398
145450
145597
146017
146143
146911
147069
147397
147434
147868
148302
148684
148915
149021
149232
149283
149430
150561
150936
150988
151042
151050
151249
151339
152427
153381
153633
153759
153772
153940
153993
154452
154673
155887
157887
157914
158054
158480
159282
159383
159641
159951
160040
160095
160304
160770
161257
162765
162849
163064
164726
165193
165208
165649
166441
166712
166747
166992
167105
167326
167369
167568
168381
168711
168767
169283
169669
170122
170165
170219
170242
170324
170383
171065
171136
171596
171680
171744
172176
173239
173627
173707
174761
175872
176203
176490
176979
177115
178411
178513
178577
178721
179436
179546
180147
180373
180688
180990
181087
181847
183010
183247
183460
184213
184472
184643
186038
186673
187118
187305
187350
187594
187660
187853
188740
188823
188998
189781
190438
190886
191214
191546
192023
192776
192797
193708
194420
194456
194757
195640
196274
196857
196868
197162
197369
197712
198544
199073
199521
199755
200266
200587
200690
201166
201185
201443
201502
202598
202609
202870
203059
204035
204509
204769
205274
205367
205531
205643
206696
207610
208407
208881
209628
210430
211188
211332
212293
212300
213293
214623
215104
215284
215778
215877
216347
216564
216626
216790
216960
217305
217380
217789
218180
218420
219562
219642
220804
220867
221625
221929
222537
224146
224554
224651
225063
225486
225756
226273
226813
226835
228110
228307
230438
230605
230952
231303
231394
231564
232001
232407
233139
233549
233757
233781
234288
235227
235365
235438
235755
236062
236125
236224
236374
236426
236637
236856
236879
236961
237166
237216
237363
239000
239392
239685
239939
240042
240528
240734
241154
241325
241487
241628
242497
242656
242944
243601
244193
245061
247424
247624
248322
248971
249123
249215
249327
249563
249719
250078
250117
250337
250821
251146
251503
251648
251825
252202
252318
253337
253738
254638
254668
254946
255163
255389
257284
257292
258923
259228
259505
259850
260776
260988
261645
262474
262649
262869
262898
263086
263165
263967
264251
264474
264554
265704
267174
267657
268187
268336
268498
268601
268678
269146
269191
270246
270390
270447
270683
271225
271497
272649
273400
273699
273906
273998
275044
275072
275297
275392
275455
276133
276380
277188
277389
278442
278943
279348
279511
280009
280210
281245
282129
282222
282271
282676
283059
283065
283137
283596
283761
284414
284511
284608
285122
287551
288271
288462
289240
289413
289717
290174
290334
292007
292282
292911
293042
293139
293164
293232
293892
293959
294294
294683
294970
295057
295302
295373
295435
296361
296869
297284
299207
300110
300556
300791
301020
302270
302327
302438
302704
302712
302790
303855
304347
304603
304925
305734
305889
305970
305979
306270
307057
307561
307947
308344
308553
308884
309247
310157
310329
310691
310936
311057
311236
311530
311786
311940
312274
312391
312422
312499
312591
312680
312809
313246
313271
313297
313476
313571
313660
313755
313819
313916
314019
314179
314758
315769
316131
316689
317547
318104
318317
318463
319242
319972
320566
320617
320716
321203
321448
322435
322620
323105
323196
323904
324020
324484
325193
325515
325903
326304
326598
326824
327812
328512
328742
328991
330075
330626
331004
331671
331720
331770
332817
332940
333035
333224
333818
333829
333844
334495
334552
334814
335572
335744
336395
337825
338001
338373
338847
338896
339200
339423
339891
339931
341050
341568
341602
342171
342437
342736
342750
343010
343124
343143
343502
344041
344102
344807
344863
345133
345719
345788
346601
347966
348723
348846
349115
349394
350119
350120
350276
350813
352014
352329
352506
352560
353028
353502
353620
353927
354068
354113
354402
354570
355067
356002
357452
357738
357930
358115
358363
358516
358622
358821
359824
360663
361426
361602
362114
363332
363493
363535
363955
364134
365320
365944
366619
367230
367805
368128
368544
368856
369263
370500
371264
372196
372650
373753
374567
375966
376011
376409
376590
377275
378484
378563
379029
379753
380086
380375
380470
380732
383110
383476
383648
384070
384217
385179
386708
387398
389080
389512
389543
390845
391079
391289
391962
392012
392699
393020
393926
394300
394794
394928
395357
396130
396869
397264
397475
397819
397820
397947
398075
399455
400260
400389
400992
401822
402636
403041
403254
403453
404296
404529
404936
405216
405366
405468
405573
406074
406162
406375
406521
407162
407542
407604
407833
408390
408789
408817
409787
410131
410535
410786
411199
412637
413455
413808
414200
414458
415040
415372
415847
415981
416179
416598
416673
417023
417476
417655
417742
418842
418940
420194
420544
420783
421090
421128
421174
421243
421308
421482
421543
421551
421800
422017
422058
422270
422669
423206
423252
423453
423789
423808
424211
424947
425289
425816
426129
427400
429664
429723
430021
430318
430543
431225
431264
431411
432236
432502
432654
433349
433576
433646
434198
434340
434894
435567
435586
435814
437611
438128
438350
438508
438554
439711
439849
440270
440552
441038
442126
443417
443520
443615
444129
444505
444736
445337
445818
445984
447662
447863
448356
449019
449292
450187
450778
451480
452677
452750
453021
453892
453974
454054
454643
454869
455181
455306
455853
456523
456689
456694
457350
457506
459556
459657
459706
460370
460434
460991
461806
461970
462500
463065
463205
463330
463662
464204
464590
464960
465177
465348
465398
465423
465551
466415
466614
467904
467916
468155
468472
469120
469248
469930
470957
471093
471528
472040
472152
472559
473214
473404
473416
474031
474250
474356
474765
474966
475873
477484
478026
478650
478711
479142
479971
480502
482213
482536
482728
483228
483836
484007
484288
485120
485209
485744
485931
486146
487582
487708
488789
488894
488989
489294
489543
490043
490717
491215
491527
491876
492533
493050
493568
493699
493934
494251
494273
495000
495171
495508
495893
496077
496766
496853
498069
498204
498235
498550
498578
499001
499280
499618
499997
500458
500614
500755
500843
500900
501964
502065
503050
503302
503451
504333
504377
504820
505112
505397
506887
506944
507248
507878
507903
508306
509985
510396
510455
511050
511316
511623
512365
512617
514935
515200
516047
516098
517217
517510
517997
518316
518629
518930
519351
519410
519458
519774
520604
520955
521139
521977
521993
522304
522470
523130
523886
524012
524160
524859
525196
526136
526286
526423
526948
527125
528639
528953
530058
530441
530591
531155
532800
533156
533337
533911
534404
534829
535706
535914
535955
536018
536114
537416
537564
538139
538157
538704
538759
539132
539435
540181
540347
540654
541528
542605
543754
543999
544391
544513
544682
544806
545879
546557
547088
547344
547855
548014
548590
549439
549726
549765
550553
550850
551251
551269
551553
551654
551798
552636
553083
553129
553978
554277
554360
554714
554837
554904
555035
556032
556349
556537
556598
557134
557574
558889
559076
559409
559489
559997
560737
561058
562345
562627
562888
563226
563425
563629
564785
564853
566246
566354
566542
566775
566808
567110
567296
568047
568625
569035
569322
569677
569891
570606
571688
571767
571992
572719
573151
573574
574754
574954
575259
576365
576546
578827
578912
579193
579298
580306
581293
581310
581397
581611
582561
583030
583289
583447
583487
583568
584157
585449
585806
585999
586448
586643
586654
586665
587897
588084
588529
588644
589124
589158
589245
590518
590651
590779
591190
592088
593201
593649
593811
594395
594740
594818
594853
595160
595715
595969
596003
596876
597388
597432
597528
597917
597940
598146
598618
598668
598876
599050
599933
600180
600374
600407
600788
600884
600910
602215
602764
603183
603500
603863
604303
604789
605298
605664
606770
607265
607313
608964
610009
610129
610807
611189
611402
611524
611745
612206
612579
612754
614336
614486
615069
615212
616125
616508
616789
616840
617528
617566
617603
617937
618346
619257
619315
619544
619789
621206
621931
622189
623584
623748
623845
625018
625546
625866
625873
625951
626304
626587
626871
627428
627468
627811
628142
628696
629029
629292
629730
630247
630654
630984
631113
631176
631466
631993
632553
633262
633381
634371
634889
635021
635043
635343
635527
635693
635880
638722
639115
639273
639361
639478
639518
639745
640258
640888
640988
641419
641870
642103
642489
642817
643685
643826
644075
644540
645094
645875
646352
646906
647194
647468
647700
648050
650195
650523
650666
650864
650896
651143
651934
653038
653075
653451
653996
654318
655224
655963
656052
656284
656331
656379
656833
656979
658091
658857
658985
659023
659104
659170
659234
659425
659509
659860
660485
660663
661005
661038
661586
661708
662008
663183
663224
663586
664064
664233
664374
664633
666105
666128
666469
666590
667124
667694
667943
668869
669418
669833
669940
670274
670343
670898
671292
671525
672283
673263
674998
675089
675803
675947
676164
676351
676533
678276
678682
678874
679474
679946
680274
680886
681124
681631
681817
682219
682894
683789
685350
685463
686228
686770
687202
687338
688480
688514
689244
690264
690342
690944
691124
691379
691424
692376
693055
693333
693904
694243
694743
695451
695609
695690
696061
696152
696524
696592
696795
697126
698525
698860
698923
699249
699534
699602
699981
701500
701603
701791
701819
702481
703184
703346
703516
703816
704036
704608
704888
704966
705294
705500
705574
706276
706490
706622
706937
707004
707414
707511
707633
708267
708638
710024
710688
711059
711611
711823
712027
712453
712560
713333
713380
714159
714455
714792
715235
715945
716087
717055
717169
717794
717915
717972
718033
718166
718685
718893
719438
720390
720847
721051
721483
722067
722163
722300
722511
723138
723656
723787
724605
725053
725639
725927
726119
727188
727901
727990
728360
728480
728778
729092
729243
729726
730058
730204
730715
730973
731460
732757
733419
734089
734198
734394
734465
734556
734827
735688
735715
735885
736108
736751
736966
737111
737112
737836
737976
738567
738744
738964
740595
741377
741783
742639
742828
742950
743241
743485
743887
744486
744846
745364
745415
745655
747331
748047
748127
748829
749105
749264
749327
749337
749396
749445
750406
750852
751515
751535
751810
751861
752252
752633
753245
753296
754405
754556
754721
754824
755508
755667
756198
756401
757605
757662
757673
758728
758735
758931
759259
759571
759596
759659
759987
760080
760264
760353
760724
761292
761659
762167
762506
762798
763488
763501
763901
764162
764306
765140
765162
765713
765922
766154
766465
766622
767094
767234
767251
767694
767956
768409
768756
769026
769616
769774
769833
770027
770200
771314
771372
771435
773241
774189
774407
774490
775199
775960
776083
776747
777479
778503
779537
779791
780176
780381
780510
780758
780842
781285
781612
781908
783654
784537
784966
785140
785896
786022
786968
787092
787248
787291
787442
787660
788776
788952
789063
789196
789356
789706
789761
789913
790540
790650
791065
791115
791258
791308
791362
792875
793087
793241
793314
793604
793646
793726
794431
795267
795757
796056
796392
796555
797325
798035
798748
798884
799137
799154
799185
799443
799767
800214
800908
802310
803261
803301
803757
803977
804098
805296
805439
805695
805765
806151
806350
806638
806725
807042
807301
807655
807858
807917
808431
809032
809431
809748
810984
811920
812078
812522
813379
813669
814019
814179
814986
815041
816244
816573
816576
816747
816866
817414
818020
818247
818601
818635
818830
819728
820015
820251
820388
820427
820626
821039
821322
821593
821845
822633
823183
823490
823905
824600
824681
825026
825837
825953
825987
827067
828078
828755
828875
829223
829293
829614
830309
830986
831203
832581
832789
832989
833144
833323
834288
835018
836414
836781
836963
837756
838469
839003
839396
839746
841018
842024
842351
843000
843183
843311
843755
844013
844831
845266
845860
846578
846684
846902
847063
847344
847558
847571
848125
848395
848981
849246
849305
849367
850011
850579
850892
850942
851160
851645
852364
852376
852458
852597
853863
853868
856422
856753
858706
858764
859673
860014
860342
861736
861909
862316
862466
862694
863681
864248
864509
865287
865463
866363
866500
866857
867184
868157
868354
868867
868945
869519
871341
871396
871948
873017
873131
873339
875951
876543
876961
877138
877419
877592
878184
878201
878428
879951
880345
880447
880825
881015
881559
881691
881983
882144
883240
883264
883570
883803
885024
885662
885873
885904
886091
886171
886928
887877
888513
888904
889171
889371
889697
889975
890292
890801
890916
891269
891404
891557
891685
892271
892359
892394
893218
894035
894319
894948
896626
897135
897258
897274
898023
898112
898326
898464
899394
899575
900447
900928
902294
902520
902832
903404
903430
903563
903873
904217
904360
905078
905306
905601
905951
906304
906377
906590
907123
907343
907681
907932
907996
908590
908629
908683
910239
910264
910341
910670
911653
912969
913105
913381
913417
914255
914549
914719
915101
915147
915797
915877
916840
917149
917371
917570
917677
918045
918118
918341
919374
919478
920424
920715
920903
920908
920963
921601
921761
922214
922458
923136
924821
924878
925048
925290
926065
926860
926928
927057
927572
928090
928252
929372
929924
930654
930905
931178
931391
931640
931784
931965
932064
932982
933342
933828
934123
934573
935774
936355
937200
937953
937963
938471
938597
939270
939633
939702
940121
940640
940846
941122
941292
941521
941766
942494
942575
942944
943156
943167
944014
944283
944611
944688
944954
945677
946037
946263
946817
947399
947445
947618
948190
948432
948975
949994
950564
952059
952761
953301
953546
954083
954092
954147
955387
955794
957074
957888
957899
958172
958364
958643
958856
959340
960023
960569
961197
961681
961873
962068
963073
963771
963773
964609
964969
965611
966242
966262
966647
966873
967467
967894
968129
968472
969659
970270
970297
970843
971407
971489
971579
972115
973299
973754
974340
974361
974648
974903
975494
977216
977290
978017
979266
979594
980034
980393
980494
980603
981097
981262
981780
982213
982524
982561
983001
983282
983312
983847
985203
985303
985600
985738
987110
987362
988307
988822
988913
989162
989411
989444
989493
989496
989743
990621
991033
991171
991417
991521
991655
991872
991994
992445
992864
993534
994323
994729
994929
994931
995026
995180
995750
995753
996031
996558
996646
997311
997663
998279
998386
998474
998712
998782
998932
999062
999203
999751
1000128
1000305
1000355
1000461
1000551
1001020
1001395
1001553
1001893
1001983
1003145
1003251
1003276
1003492
1003933
1003994
1004023
1004609
1005255
1005712
1005810
1006276
1006399
1006747
1009000
1010517
1011086
1011389
1011779
1012151
1012197
1012201
1012434
1012973
1013241
1013561
1014721
1014995
1015076
1015591
1016202
1017266
1017395
1017549
1018029
1018496
1018573
1019230
1019652
1019764
1020942
1021077
1021716
1022772
1023321
1023699
1023951
1025606
1025698
1026361
1026644
1026993
1027038
1027372
1027749
1027863
1028272
1028343
1029353
1029860
1029878
1030933
1031310
1032235
1032485
1033616
1034211
1034225
1034562
1034814
1035564
1035780
1035802
1035901
1036156
1036302
1036442
1036794
1037163
1037196
1037247
1037818
1037874
1038306
1038524
1038605
1039824
1040517
1040610
1041400
1042657
1043041
1043597
1044209
1044791
1044884
1045361
1045548
1045603
1046570
1047558
1048009
1048654
1048714
1049896
1049898
1050043
1050683
1050875
1051265
1051578
1051795
1051962
1052116
1052520
1053056
1053814
1053897
1054189
1054189
1054421
1054603
1054626
1055367
1055624
1055856
1055861
1056344
1056583
1056640
1057138
1057270
1057571
1058219
1058859
1058926
1059021
1059465
1059541
1060261
1060360
1060588
1061240
1062181
1062673
1062678
1064212
1065245
1065774
1066333
1067019
1067350
1067654
1068255
1068747
1069837
1070599
1071847
1072035
1073311
1074296
1075463
1075703
1076637
1077083
1077283
1077312
1077380
1078789
1078978
1079416
1080212
1080385
1080795
1081389
1081988
1082482
1082869
1084028
1084187
1086503
1086984
1086995
1088890
1089074
1089205
1089637
1089834
1090574
1090905
1091541
1091764
1092217
1092330
1092392
1092520
1092637
1093798
1094011
1094082
1094237
1095849
1096122
1096578
1097575
1098731
1098744
1098830
1099060
1099551
1099637
1100420
1100996
1101016
1101032
1101418
1102696
1102739
1103158
1103238
1103959
1104949
1105023
1105273
1105786
1106020
1106737
1107127
1107535
1107884
1108011
1108186
1108637
1109327
1109521
1110201
1110433
1110455
1110856
1111947
1112937
1113070
1113270
1114462
1114862
1115109
1115343
1116436
1116976
1117448
1118020
1119005
1119368
1119521
1119528
1120335
1121925
1122145
1122469
1122519
1122539
1122939
1123175
1123786
1124071
1124776
1124941
1125045
1126392
1126667
1126759
1127235
1127260
1128336
1128436
1128811
1129236
1129461
1129544
1129681
1130422
1130928
1131756
1131937
1132282
1133678
1135671
1136210
1136635
1137359
1137813
1137899
1138051
1138171
1138516
1139179
1139735
1140692
1141538
1141565
1142092
1142655
1143326
1143859
1144440
1144447
1144813
1145352
1146234
1146841
1147357
1147445
1147924
1148138
1148587
1149273
1149779
1149784
1151192
1152537
1152595
1152781
1153231
1154253
1154277
1154686
1154870
1156102
1156756
1156996
1157248
1157773
1158363
1158668
1159638
1159823
1159928
1160256
1160696
1161251
1161333
1161798
1161809
1161822
1161973
1162989
1163193
1163921
1164712
1165177
1166443
1166826
1167331
1167770
1167926
1168530
1168799
1169522
1171057
1171394
1171509
1171734
1171924
1172414
1173288
1174122
1174844
1175024
1176889
1177061
1177236
1177726
1177879
1177992
1178899
1179471
1179614
1180080
1180120
1180135
1180499
1180749
1181123
1181420
1181443
1181480
1181519
1181670
1181929
1182109
1182720
1182733
1183091
1183267
1183702
1183731
1183986
1184410
1185554
1185635
1186489
1187373
1187547
1187733
1188235
1188786
1188855
1189340
1189469
1189480
1189563
1189648
1190091
1190409
1191634
1193214
1193249
1194435
1194567
1194938
1195307
1195643
1196379
1196804
1198038
1198479
1198860
1199624
1200591
1200602
1200786
1201196
1201364
1201720
1201861
1202365
1202977
1203376
1203636
1203925
1204043
1204324
1204737
1205373
1205401
1206255
1206279
1206453
1206509
1206809
1207425
1207556
1207966
1207984
1208173
1208294
1209131
1209461
1209465
1210129
1210395
1210468
1211434
1211449
1211754
1212279
1212622
1212945
1213273
1213337
1214156
1214209
1214359
1214592
1214879
1214921
1215045
1215364
1215947
1216467
1216565
1217001
1217462
1217824
1217826
1218084
1218997
1219013
1219186
1219798
1219996
1220219
1220897
1221116
1223374
1223418
1223755
1223898
1224624
1224807
1225232
1225567
1226010
1226291
1226878
1227150
1228573
1228791
1228819
1229164
1229334
1229505
1229703
1229822
1230890
1231199
1231491
1231580
1231960
1232173
1232770
1233387
1233786
1234063
1234865
1235144
1235412
1235465
1235502
1235769
1235942
1236154
1236987
1237312
1237512
1237898
1238287
1238393
1239333
1239341
1239443
1239579
1239687
1239952
1240278
1240368
1240417
1240573
1240814
1241012
1241258
1242308
1242942
1243735
1244012
1244695
1244787
1244999
1245581
1247381
1248039
1248738
1249485
1250038
1250093
1250738
1251748
1252870
1252997
1253029
1254696
1255112
1257782
1258075
1258666
1258745
1258746
1259292
1259515
1259621
1259723
1259871
1260189
1260383
1261531
1261775
1262260
1264243
1264465
1264730
1265356
1266973
1268213
1268475
1269153
1269591
1270268
1270738
1270842
1271799
1271800
1271869
1272498
1272565
1272798
1272874
1273474
1273649
1273892
1274181
1274579
1274784
1274976
1275121
1275278
1275381
1276224
1276556
1276910
1276960
1277146
1277435
1277729
1278033
1278062
1278259
1278360
1279006
1279081
1280172
1280546
1283005
1283039
1283831
1284439
1284492
1284657
1284680
1284933
1284947
1285150
1285363
1286280
1286685
1286952
1286991
1287040
1287194
1287890
1287920
1288033
1288109
1288232
1288416
1288433
1288788
1288825
1288967
1289224
1290170
1290362
1291564
1292021
1292509
1292665
1292773
1292969
1293465
1294403
1294860
1296258
1296270
1296488
1296928
1296994
1297468
1297878
1298016
1298452
1299060
1299814
1299937
1299964
1300114
1300176
1301043
1301499
1302158
1302264
1302352
1303571
1303631
1303669
1304621
1305646
1305939
1306055
1306606
1308406
1308676
1308701
1309112
1309459
1309540
1309792
1309920
1310095
1310255
1310547
1311097
1311816
1311902
1312260
1312410
1312629
1313150
1313838
1314050
1314557
1315410
1316493
1317441
1317957
1318215
1318251
1318565
1319111
1319665
1319687
1320294
1320848
1321963
1323232
1323797
1324206
1324253
1324828
1325278
1325432
1325432
1326298
1326462
1326637
1327524
1328013
1328835
1328946
1329589
1329837
1330485
1330883
1331420
1331931
1332391
1333022
1334299
1334760
1335846
1336396
1336623
1336947
1337019
1337111
1337467
1337514
1338442
1338636
1338652
1339889
1340340
1340799
1342380
1342634
1342913
1343033
1343095
1343120
1343784
1344073
1344097
1344491
1344832
1344939
1345293
1345666
1345791
1345823
1346171
1347333
1348063
1348096
1349272
1349743
1349889
1349956
1350344
1350389
1350659
1351208
1351223
1351511
1352705
1352779
1352945
1353719
1354275
1354559
1354955
1355232
1355500
1355664
1356701
1357364
1357735
1357891
1358084
1359530
1360660
1361857
1361881
1362055
1363354
1363379
1364024
1364123
1364399
1364646
1364849
1364990
1364995
1366916
1367003
1367079
1367093
1367382
1367926
1368248
1368351
1368522
1369440
1369609
1370521
1371128
1372162
1372204
1375035
1375260
1375749
1375761
1376458
1376483
1376723
1376960
1377024
1377050
1378287
1378288
1378594
1379625
1379760
1379865
1380499
1381831
1382255
1382759
1383298
1383982
1384406
1384490
1385514
1385637
1386324
1386424
1386606
1387079
1387260
1387829
1388109
1388505
1389891
1390262
1390519
1390850
1391191
1391383
1391389
1392443
1392694
1393010
1393487
1393567
1393931
1394451
1394506
1394712
1395535
1395614
1396781
1397547
1398022
1398175
1398231
1398761
1398841
1399490
1399713
1400248
1400353
1400905
1401170
1401390
1402898
1403508
1403560
1403707
1403761
1403951
1405098
1405300
1406379
1406596
1406620
1407284
1407687
1407919
1408251
1408391
1408908
1409188
1409220
1409288
1409320
1410272
1410307
1411747
1411928
1412425
1412533
1413193
1413625
1413627
1414070
1414556
1414831
1414933
1414995
1415192
1415474
1416358
1416958
1417452
1417676
1418243
1418272
1418336
1418900
1418992
1419318
1419469
1419606
1419820
1420067
1420517
1420647
1420914
1421744
1422184
1422218
1422226
1422421
1422490
1423497
1423900
1424114
1424984
1425130
1425409
1425537
1426257
1426347
1427391
1428258
1428935
1429049
1429527
1429858
1429946
1430073
1430147
1430437
1431343
1431826
1432065
1432178
1433039
1433162
1433466
1433567
1435894
1436707
1437825
1437827
1437994
1438740
1439460
